[HEADER]
VERSION=3
CAMERA_COUNT=2
SET_NAME=

[CAMERA_0]
NAME=0
POSITION=315.062 ,238.266 ,-529.274
FORWARD=-0.52845 ,-0.2516 ,0.810858
UP=-0.137376 ,0.967831 ,0.210794
MIN_FOV=17
MAX_FOV=67
IN_POINT=-1
OUT_POINT=-1
SHADOW_SPLIT0=1.8
SHADOW_SPLIT1=20
SHADOW_SPLIT2=180
NEAR_PLANE=0.1
FAR_PLANE=5000
MIN_EXPOSURE=0
MAX_EXPOSURE=10000
DOF_FACTOR=10
DOF_RANGE=10000
DOF_FOCUS=0
DOF_MANUAL=0
SPLINE=
SPLINE_ROTATION=0
FOV_GAMMA=1
SPLINE_ANIMATION_LENGTH=15
IS_FIXED=0

[CAMERA_1]
NAME=1
POSITION=246.169 ,227.988 ,-207.205
FORWARD=-0.579741 ,-0.305219 ,-0.755509
UP=-0.185815 ,0.952283 ,-0.242149
MIN_FOV=17
MAX_FOV=67
IN_POINT=-1
OUT_POINT=-1
SHADOW_SPLIT0=1.8
SHADOW_SPLIT1=20
SHADOW_SPLIT2=180
NEAR_PLANE=0.1
FAR_PLANE=5000
MIN_EXPOSURE=0
MAX_EXPOSURE=10000
DOF_FACTOR=10
DOF_RANGE=10000
DOF_FOCUS=0
DOF_MANUAL=0
SPLINE=
SPLINE_ROTATION=0
FOV_GAMMA=0
SPLINE_ANIMATION_LENGTH=15
IS_FIXED=0

